<?xml version="2.0" ?>
<Type>saved</Type>
<ActorObjects>
    <ActorObject t0="16" t1="2" t2="21" s0="1" s1="1" s2="1" q0="0" q1="0" q2="0" q3="1" euler_x="0" euler_y="0" euler_z="0" id="239" type_file="Data/Objects/stronghold/characters/male_dog_tank_actor.xml" is_player="0">
        <parameters>
            <parameter name="Aggression" type="float" val="0.7" />
            <parameter name="Attack Damage" type="float" val="1" />
            <parameter name="Attack Knockback" type="float" val="1" />
            <parameter name="Attack Speed" type="float" val="0.85" />
            <parameter name="Block Follow-up" type="float" val="0.5" />
            <parameter name="Block Skill" type="float" val="0.7" />
            <parameter name="Cannot Be Disarmed" type="int" val="1" />
            <parameter name="Character Scale" type="float" val="1.12429" />
            <parameter name="Damage Resistance" type="float" val="1.32203" />
            <parameter name="Ear Size" type="float" val="1" />
            <parameter name="Fall Damage Multiplier" type="float" val="1" />
            <parameter name="Fat" type="float" val="0.5" />
            <parameter name="Fear - Afraid At Health Level" type="float" val="0" />
            <parameter name="Fear - Always Afraid On Sight" type="int" val="0" />
            <parameter name="Fear - Causes Fear On Sight" type="int" val="0" />
            <parameter name="Fear - Never Afraid On Sight" type="int" val="1" />
            <parameter name="Focus FOV distance" type="float" val="50" />
            <parameter name="Focus FOV horizontal" type="float" val="0.436333" />
            <parameter name="Focus FOV vertical" type="float" val="0.436333" />
            <parameter name="Fur Channel" type="int" val="0" />
            <parameter name="Ground Aggression" type="float" val="0.5" />
            <parameter name="Knockout Shield" type="int" val="3" />
            <parameter name="Left handed" type="int" val="0" />
            <parameter name="Movement Speed" type="float" val="0.45" />
            <parameter name="Muscle" type="float" val="0.5" />
            <parameter name="No Look Around" type="int" val="0" />
            <parameter name="Peripheral FOV distance" type="float" val="3" />
            <parameter name="Peripheral FOV horizontal" type="float" val="0.959932" />
            <parameter name="Peripheral FOV vertical" type="float" val="0.959932" />
            <parameter name="Species" type="string" val="doggo" />
            <parameter name="Static" type="int" val="0" />
            <parameter name="Stick To Nav Mesh" type="int" val="0" />
            <parameter name="Teams" type="string" val="none" />
            <parameter name="Throw Counter Probability" type="float" val="0.4" />
            <parameter name="Throw Trainer" type="int" val="0" />
            <parameter name="Weapon Catch Skill" type="float" val="1" />
            <parameter name="Wearing Metal Armor" type="int" val="1" />
        </parameters>
        <Connections>
            <Connection id="239" />
        </Connections>
        <ItemConnections />
        <Palette>
            <Color label="Fur" channel="0" red="1" green="1" blue="1" />
            <Color label="Shirt" channel="1" red="1" green="1" blue="1" />
            <Color label="Armor" channel="2" red="1" green="1" blue="1" />
            <Color label="Fur patches" channel="3" red="1" green="1" blue="1" />
        </Palette>
        <EnvObjectAttachments>
            <EnvObjectAttachment>
                <BoneConnect bone_id="31" num_connections="1" m0="0.999999" m1="-0.00167057" m2="0.000165916" m3="0" m4="0.00165483" m5="0.997538" m6="0.0701089" m7="0" m8="-0.00028263" m9="-0.0701086" m10="0.997539" m11="0" m12="0.0203791" m13="0.62207" m14="0.37154" m15="1" />
                <BoneConnect bone_id="-1" num_connections="0" m0="1" m1="0" m2="0" m3="0" m4="0" m5="1" m6="0" m7="0" m8="0" m9="0" m10="1" m11="0" m12="0" m13="0" m14="0" m15="1" />
                <BoneConnect bone_id="-1" num_connections="0" m0="1" m1="0" m2="0" m3="0" m4="0" m5="1" m6="0" m7="0" m8="0" m9="0" m10="1" m11="0" m12="0" m13="0" m14="0" m15="1" />
                <BoneConnect bone_id="-1" num_connections="0" m0="1" m1="0" m2="0" m3="0" m4="0" m5="1" m6="0" m7="0" m8="0" m9="0" m10="1" m11="0" m12="0" m13="0" m14="0" m15="1" />
            </EnvObjectAttachment>
            <EnvObjectAttachment>
                <BoneConnect bone_id="1" num_connections="1" m0="0.999978" m1="-0.00661478" m2="-0.000309911" m3="0" m4="0.00657663" m5="0.986563" m6="0.163249" m7="0" m8="-0.00077411" m9="-0.163248" m10="0.986585" m11="0" m12="-0.0145702" m13="0.376243" m14="-0.0295582" m15="1" />
                <BoneConnect bone_id="-1" num_connections="0" m0="1" m1="0" m2="0" m3="0" m4="0" m5="1" m6="0" m7="0" m8="0" m9="0" m10="1" m11="0" m12="0" m13="0" m14="0" m15="1" />
                <BoneConnect bone_id="-1" num_connections="0" m0="1" m1="0" m2="0" m3="0" m4="0" m5="1" m6="0" m7="0" m8="0" m9="0" m10="1" m11="0" m12="0" m13="0" m14="0" m15="1" />
                <BoneConnect bone_id="-1" num_connections="0" m0="1" m1="0" m2="0" m3="0" m4="0" m5="1" m6="0" m7="0" m8="0" m9="0" m10="1" m11="0" m12="0" m13="0" m14="0" m15="1" />
            </EnvObjectAttachment>
            <EnvObjectAttachment>
                <BoneConnect bone_id="49" num_connections="1" m0="-0.141639" m1="-0.989284" m2="0.0355609" m3="0" m4="-0.034518" m5="0.0408323" m6="0.998574" m7="0" m8="-0.989322" m9="0.140204" m10="-0.0399358" m11="0" m12="-0.0855484" m13="-0.429344" m14="0.243958" m15="1" />
                <BoneConnect bone_id="-1" num_connections="0" m0="1" m1="0" m2="0" m3="0" m4="0" m5="1" m6="0" m7="0" m8="0" m9="0" m10="1" m11="0" m12="0" m13="0" m14="0" m15="1" />
                <BoneConnect bone_id="-1" num_connections="0" m0="1" m1="0" m2="0" m3="0" m4="0" m5="1" m6="0" m7="0" m8="0" m9="0" m10="1" m11="0" m12="0" m13="0" m14="0" m15="1" />
                <BoneConnect bone_id="-1" num_connections="0" m0="1" m1="0" m2="0" m3="0" m4="0" m5="1" m6="0" m7="0" m8="0" m9="0" m10="1" m11="0" m12="0" m13="0" m14="0" m15="1" />
            </EnvObjectAttachment>
            <EnvObjectAttachment>
                <BoneConnect bone_id="42" num_connections="1" m0="-0.069781" m1="-0.996139" m2="0.0533574" m3="0" m4="-0.0973826" m5="0.0600301" m6="0.993439" m7="0" m8="-0.992802" m9="0.0641222" m10="-0.101199" m11="0" m12="0.0880165" m13="-0.450653" m14="0.261391" m15="1" />
                <BoneConnect bone_id="-1" num_connections="0" m0="1" m1="0" m2="0" m3="0" m4="0" m5="1" m6="0" m7="0" m8="0" m9="0" m10="1" m11="0" m12="0" m13="0" m14="0" m15="1" />
                <BoneConnect bone_id="-1" num_connections="0" m0="1" m1="0" m2="0" m3="0" m4="0" m5="1" m6="0" m7="0" m8="0" m9="0" m10="1" m11="0" m12="0" m13="0" m14="0" m15="1" />
                <BoneConnect bone_id="-1" num_connections="0" m0="1" m1="0" m2="0" m3="0" m4="0" m5="1" m6="0" m7="0" m8="0" m9="0" m10="1" m11="0" m12="0" m13="0" m14="0" m15="1" />
            </EnvObjectAttachment>
            <EnvObjectAttachment>
                <BoneConnect bone_id="1" num_connections="1" m0="0.000930274" m1="0.149648" m2="0.988739" m3="0" m4="-0.00494498" m5="0.988728" m6="-0.149641" m7="0" m8="-0.999988" m9="-0.00475004" m10="0.0016598" m11="0" m12="-0.0105801" m13="0.108996" m14="0.363207" m15="1" />
                <BoneConnect bone_id="-1" num_connections="0" m0="1" m1="0" m2="0" m3="0" m4="0" m5="1" m6="0" m7="0" m8="0" m9="0" m10="1" m11="0" m12="0" m13="0" m14="0" m15="1" />
                <BoneConnect bone_id="-1" num_connections="0" m0="1" m1="0" m2="0" m3="0" m4="0" m5="1" m6="0" m7="0" m8="0" m9="0" m10="1" m11="0" m12="0" m13="0" m14="0" m15="1" />
                <BoneConnect bone_id="-1" num_connections="0" m0="1" m1="0" m2="0" m3="0" m4="0" m5="1" m6="0" m7="0" m8="0" m9="0" m10="1" m11="0" m12="0" m13="0" m14="0" m15="1" />
            </EnvObjectAttachment>
            <EnvObjectAttachment>
                <BoneConnect bone_id="19" num_connections="1" m0="-0.355377" m1="0.919747" m2="-0.166655" m3="0" m4="0.902734" m5="0.38396" m6="0.194024" m7="0" m8="0.242441" m9="-0.0814932" m10="-0.966738" m11="0" m12="-0.0468521" m13="0.549262" m14="0.158205" m15="1" />
                <BoneConnect bone_id="-1" num_connections="0" m0="1" m1="0" m2="0" m3="0" m4="0" m5="1" m6="0" m7="0" m8="0" m9="0" m10="1" m11="0" m12="0" m13="0" m14="0" m15="1" />
                <BoneConnect bone_id="-1" num_connections="0" m0="1" m1="0" m2="0" m3="0" m4="0" m5="1" m6="0" m7="0" m8="0" m9="0" m10="1" m11="0" m12="0" m13="0" m14="0" m15="1" />
                <BoneConnect bone_id="-1" num_connections="0" m0="1" m1="0" m2="0" m3="0" m4="0" m5="1" m6="0" m7="0" m8="0" m9="0" m10="1" m11="0" m12="0" m13="0" m14="0" m15="1" />
            </EnvObjectAttachment>
            <EnvObjectAttachment>
                <BoneConnect bone_id="4" num_connections="1" m0="0.991424" m1="0.130666" m2="-0.00213873" m3="0" m4="-0.130681" m5="0.991363" m6="-0.0110572" m7="0" m8="0.000675456" m9="0.0112419" m10="0.999937" m11="0" m12="0.183292" m13="0.567447" m14="0.163721" m15="1" />
                <BoneConnect bone_id="-1" num_connections="0" m0="1" m1="0" m2="0" m3="0" m4="0" m5="1" m6="0" m7="0" m8="0" m9="0" m10="1" m11="0" m12="0" m13="0" m14="0" m15="1" />
                <BoneConnect bone_id="-1" num_connections="0" m0="1" m1="0" m2="0" m3="0" m4="0" m5="1" m6="0" m7="0" m8="0" m9="0" m10="1" m11="0" m12="0" m13="0" m14="0" m15="1" />
                <BoneConnect bone_id="-1" num_connections="0" m0="1" m1="0" m2="0" m3="0" m4="0" m5="1" m6="0" m7="0" m8="0" m9="0" m10="1" m11="0" m12="0" m13="0" m14="0" m15="1" />
            </EnvObjectAttachment>
            <EnvObjectAttachment>
                <BoneConnect bone_id="2" num_connections="1" m0="-0.000666822" m1="0.996892" m2="-0.0787733" m3="0" m4="0.996924" m5="-0.00551092" m6="-0.0781838" m7="0" m8="-0.078375" m9="-0.0785831" m10="-0.993822" m11="0" m12="0.0224838" m13="0.395525" m14="0.379816" m15="1" />
                <BoneConnect bone_id="-1" num_connections="0" m0="1" m1="0" m2="0" m3="0" m4="0" m5="1" m6="0" m7="0" m8="0" m9="0" m10="1" m11="0" m12="0" m13="0" m14="0" m15="1" />
                <BoneConnect bone_id="-1" num_connections="0" m0="1" m1="0" m2="0" m3="0" m4="0" m5="1" m6="0" m7="0" m8="0" m9="0" m10="1" m11="0" m12="0" m13="0" m14="0" m15="1" />
                <BoneConnect bone_id="-1" num_connections="0" m0="1" m1="0" m2="0" m3="0" m4="0" m5="1" m6="0" m7="0" m8="0" m9="0" m10="1" m11="0" m12="0" m13="0" m14="0" m15="1" />
            </EnvObjectAttachment>
            <EnvObjectAttachment>
                <BoneConnect bone_id="46" num_connections="1" m0="0.994832" m1="0.0984976" m2="-0.0246514" m3="0" m4="-0.100788" m5="0.928552" m6="-0.357258" m7="0" m8="-0.012299" m9="0.357897" m10="0.93368" m11="0" m12="-0.10499" m13="-0.0905352" m14="0.021452" m15="1" />
                <BoneConnect bone_id="-1" num_connections="0" m0="1" m1="0" m2="0" m3="0" m4="0" m5="1" m6="0" m7="0" m8="0" m9="0" m10="1" m11="0" m12="0" m13="0" m14="0" m15="1" />
                <BoneConnect bone_id="-1" num_connections="0" m0="1" m1="0" m2="0" m3="0" m4="0" m5="1" m6="0" m7="0" m8="0" m9="0" m10="1" m11="0" m12="0" m13="0" m14="0" m15="1" />
                <BoneConnect bone_id="-1" num_connections="0" m0="1" m1="0" m2="0" m3="0" m4="0" m5="1" m6="0" m7="0" m8="0" m9="0" m10="1" m11="0" m12="0" m13="0" m14="0" m15="1" />
            </EnvObjectAttachment>
            <EnvObjectAttachment>
                <BoneConnect bone_id="39" num_connections="1" m0="0.999848" m1="-0.0173941" m2="0.00121283" m3="0" m4="0.0167197" m5="0.936695" m6="-0.349747" m7="0" m8="0.0049475" m9="0.349714" m10="0.936844" m11="0" m12="0.0922737" m13="-0.0870436" m14="0.0271778" m15="1" />
                <BoneConnect bone_id="-1" num_connections="0" m0="1" m1="0" m2="0" m3="0" m4="0" m5="1" m6="0" m7="0" m8="0" m9="0" m10="1" m11="0" m12="0" m13="0" m14="0" m15="1" />
                <BoneConnect bone_id="-1" num_connections="0" m0="1" m1="0" m2="0" m3="0" m4="0" m5="1" m6="0" m7="0" m8="0" m9="0" m10="1" m11="0" m12="0" m13="0" m14="0" m15="1" />
                <BoneConnect bone_id="-1" num_connections="0" m0="1" m1="0" m2="0" m3="0" m4="0" m5="1" m6="0" m7="0" m8="0" m9="0" m10="1" m11="0" m12="0" m13="0" m14="0" m15="1" />
            </EnvObjectAttachment>
        </EnvObjectAttachments>
        <EnvObject s0="1.43965" s1="1.43965" s2="1.43965" id="240" color_r="1" color_g="1" color_b="1" overbright="0" type_file="Data/Objects/Gear/dog_armor/dog_armor_helmet.xml">
            <parameters />
        </EnvObject>
        <EnvObject s0="1.88424" s1="1.88424" s2="1.88424" id="245" color_r="1" color_g="1" color_b="1" overbright="0" type_file="Data/Objects/Gear/dog_armor/dog_armor_backplate.xml">
            <parameters />
        </EnvObject>
        <EnvObject s0="1.3124" s1="1.3124" s2="1.3124" id="248" color_r="1" color_g="1" color_b="1" overbright="0" type_file="Data/Objects/Gear/dog_armor/dog_armor_shoulder_a.xml">
            <parameters />
        </EnvObject>
        <EnvObject s0="1.3124" s1="1.3124" s2="1.3124" id="249" color_r="1" color_g="1" color_b="1" overbright="0" type_file="Data/Objects/Gear/dog_armor/dog_armor_shoulder_a.xml">
            <parameters />
        </EnvObject>
        <EnvObject s0="2.12619" s1="2.93023" s2="2.38656" id="244" color_r="1" color_g="1" color_b="1" overbright="0" type_file="Data/Objects/Gear/dog_armor/dog_armor_hip_plate.xml">
            <parameters />
        </EnvObject>
        <EnvObject s0="1.40995" s1="1.40995" s2="1.40995" id="247" color_r="1" color_g="1" color_b="1" overbright="0" type_file="Data/Objects/Gear/dog_armor/dog_armor_shoulder_b.xml">
            <parameters />
        </EnvObject>
        <EnvObject s0="1.40995" s1="1.40995" s2="1.40995" id="246" color_r="1" color_g="1" color_b="1" overbright="0" type_file="Data/Objects/Gear/dog_armor/dog_armor_shoulder_b.xml">
            <parameters />
        </EnvObject>
        <EnvObject s0="1" s1="1" s2="1" id="255" color_r="1" color_g="1" color_b="1" overbright="0" type_file="Data/Objects/Gear/dog_armor/dog_armor_backplate.xml">
            <parameters />
        </EnvObject>
        <EnvObject s0="0.631455" s1="0.631455" s2="0.631455" id="256" color_r="1" color_g="1" color_b="1" overbright="0" type_file="Data/Objects/Gear/dog_armor/dog_armor_backplate.xml">
            <parameters />
        </EnvObject>
        <EnvObject s0="0.631455" s1="0.631455" s2="0.631455" id="257" color_r="1" color_g="1" color_b="1" overbright="0" type_file="Data/Objects/Gear/dog_armor/dog_armor_backplate.xml">
            <parameters />
        </EnvObject>
    </ActorObject>
</ActorObjects>
